((("buf" .
   [2 0 0])
  ("lsum2" .
   [1 0 0 0 0])
  ("ReRoot2" .
   [5 0 0 0 0 0 0])
  ("cos" .
   [3 0 0])
  ("now" .
   [1 0 0])
  ("mod3" .
   [12 0 0 0])
  ("time" .
   [4 0 0 0])
  ("rate" .
   [4 0 0 0])
  ("default" .
   [0 0 0 0 0 1 0])
  ("coin" .
   [6 0 0 0])
  ("template" .
   [0 0 0 0 1 0 0 0])
  ("Status" .
   [6 0 0 0 0 0])
  ("rec" .
   [13 0 0])
  ("rand0to1" .
   [0 0 0 0 0 1 0 0])
  ("rnd" .
   [2 0 0])
  ("rand" .
   [1 0 0 0])
  ("RAND_MAX" .
   [0 0 0 1 0 0 0 0])
  ("InitRand" .
   [0 0 0 2 0 0 0 0])
  ("down" .
   [7 0 0 0])
  ("pivot" .
   [3 0 0 0 0])
  ("pi2" .
   [1 0 0])
  ("head" .
   [0 0 1 0])
  ("chmin" .
   [15 0 0 1 0])
  ("ArrayStream" .
   [1 0 0 0 0 0 0 0 0 0 0])
  ("_ARRAYSTREAM_H_" .
   [0 0 1 0 0 0 0 0 0 0 0 0 0 0 0])
  ("TApplication" .
   [0 0 1 0 0 0 0 0 0 0 0 0])
  ("app" .
   [1 0 0])
  ("argv" .
   [1 0 0 0])
  ("argc" .
   [1 0 0 0])
  ("TGraph" .
   [2 0 0 0 0 0])
  ("chmax" .
   [9 0 0 0 11])
  ("Viss" .
   [4 0 0 0])
  ("num" .
   [2 0 0])
  ("value" .
   [2 0 0 0 0])
  ("Set" .
   [2 0 0])
  ("CheckIndex" .
   [0 0 0 2 1 0 0 0 0 0])
  ("Get" .
   [3 0 0])
  ("m_size" .
   [5 0 0 1 0 1])
  ("m_array" .
   [2 0 0 2 0 4 0])
  ("IntArray" .
   [6 0 7 13 0 0 0 0])
  ("Func1" .
   [3 0 0 0 0])
  ("merge_str" .
   [1 0 0 0 0 0 0 0 0])
  ("check_front" .
   [1 0 0 0 0 0 0 0 1 0 0])
  ("check_back" .
   [0 0 0 2 0 0 0 0 0 1])
  ("CheckInvariant" .
   [0 0 0 0 0 0 0 0 0 0 0 0 0 1])
  ("CheckZeroInit" .
   [0 0 0 0 0 0 0 0 0 0 0 0 1])
  ("CheckInitOnce" .
   [0 0 0 0 0 0 0 0 0 0 0 0 1])
  ("dummy" .
   [1 0 0 0 0])
  ("CheckInvariant_Sub" .
   [0 0 0 0 0 0 0 0 0 1 0 0 0 0 0 0 0 2])
  ("CheckZeroInit_Sub2" .
   [0 0 0 0 0 0 0 0 0 0 0 0 0 0 0 0 0 1])
  ("CheckZeroInit_Sub" .
   [0 0 0 0 0 0 1 0 0 0 0 0 0 0 1 0 1])
  ("CheckInitOnce_Sub" .
   [0 0 0 0 0 0 0 0 0 1 0 0 0 0 0 0 2])
  ("Check_Address_Sub2" .
   [0 0 0 0 0 0 0 0 0 0 0 0 0 0 0 0 0 1])
  ("Check_Address_Sub" .
   [0 0 0 1 0 0 0 1 0 1 0 0 0 0 1 0 3])
  ("bitDP" .
   [0 0 1 0 0])
  ("worldLV" .
   [1 0 0 0 0 0 0])
  ("targetLV" .
   [1 0 0 0 0 0 0 0])
  ("G4ThreeVector" .
   [0 0 0 0 1 0 0 0 0 0 0 0 0])
  ("G4PVPlacement" .
   [0 0 0 0 0 1 0 0 0 0 0 0 0])
  ("SetVisAttributes" .
   [0 0 0 1 0 0 0 0 0 0 0 0 0 0 0 0])
  ("colourtarget" .
   [0 0 0 0 0 1 0 0 0 0 0 0])
  ("Construct" .
   [1 0 0 0 0 0 0 0 0])
  ("G4VisAttributes" .
   [0 0 0 0 0 2 0 0 0 0 0 0 0 0 0])
  ("rotTarget" .
   [0 0 0 1 0 0 0 0 1])
  ("G4RotationMatrix" .
   [0 0 0 0 2 0 0 0 0 0 0 0 0 0 0 0])
  ("targetSolid" .
   [0 0 0 0 0 0 0 0 1 0 0])
  ("G4LogicalVolume" .
   [0 0 0 0 1 0 0 0 0 1 0 0 0 0 0])
  ("TargetSizeZ" .
   [0 0 0 0 0 0 0 0 0 0 3])
  ("G4Box" .
   [3 0 0 0 0])
  ("CLHEP" .
   [7 0 0 0 0])
  ("TargetDensity" .
   [0 0 0 0 0 0 0 0 1 0 0 0 0])
  ("mList_" .
   [0 0 0 0 1 0])
  ("Target" .
   [6 0 0 1 0 3])
  ("G4double" .
   [4 0 0 0 0 0 0 0])
  ("paraMan" .
   [5 0 0 0 0 0 0])
  ("filename" .
   [1 0 0 0 0 0 0 0])
  ("thisPointer" .
   [1 0 0 0 0 0 0 0 0 0 0])
  ("TargetMaterial" .
   [1 0 0 0 0 0 0 0 1 0 0 0 0 1])
  ("TargetThickness" .
   [0 0 0 0 0 0 0 1 0 1 0 0 0 0 1])
  ("ParaMan" .
   [5 0 1 0 0 0 0])
  ("PARAMAN_HH_" .
   [0 0 0 1 0 0 0 0 0 0 0])
  ("div2" .
   [1 0 0 0])
  ("cntt" .
   [1 0 0 0])
  ("itr" .
   [1 0 0])
  ("insert" .
   [3 0 0 3 0 0])
  ("next" .
   [15 0 7 2])
  ("in" .
   [8 0])
  ("red" .
   [5 0 0])
  ("divisor" .
   [0 0 0 0 4 2 0])
  ("div" .
   [12 0 1])
  ("upper_bound" .
   [0 0 0 1 0 3 0 0 0 0 0])
  ("pow" .
   [3 0 0])
  ("kk" .
   [2 0])
  ("kkk" .
   [10 0 0])
  ("index1" .
   [2 0 0 0 0 0])
  ("lower_bound" .
   [0 0 0 1 3 0 0 0 0 0 0])
  ("Make_pow2" .
   [0 0 1 0 0 0 0 0 0])
  ("dmc" .
   [4 0 0])
  ("perm" .
   [4 0 0 2])
  ("index_local" .
   [0 0 0 0 0 0 0 0 0 0 1])
  ("init_sum" .
   [0 0 0 0 0 0 0 1])
  ("lsum" .
   [23 0 0 0])
  ("root" .
   [48 0 1 2])
  ("alias" .
   [0 0 0 1 0])
  ("G4VisExecutive" .
   [0 0 0 0 0 0 0 0 1 0 0 0 0 0])
  ("G4UImanager" .
   [0 0 0 0 0 0 1 0 0 0 0])
  ("uiManager" .
   [0 0 0 0 1 0 0 0 0])
  ("G4UIManager" .
   [0 0 0 0 0 0 1 0 0 0 0])
  ("Initialize" .
   [0 0 0 1 0 0 0 0 0 0])
  ("visManager" .
   [0 0 0 0 0 2 0 0 0 0])
  ("pow2" .
   [11 0 0 0])
  ("HELLO_H" .
   [1 0 0 0 0 0 0])
  ("add" .
   [1 0 0])
  ("Graph" .
   [3 0 1 4 0])
  ("reverse" .
   [1 0 0 1 1 0 0])
  ("dp2" .
   [3 0 0])
  ("begin" .
   [4 0 0 0 0])
  ("std" .
   [6 0 3])
  ("abs" .
   [4 0 0])
  ("kmp_table" .
   [0 0 0 0 0 0 1 0 0])
  ("table" .
   [5 0 2 0 0])
  ("ss2" .
   [2 0 0])
  ("ans" .
   [6 0 0])
  ("_nn" .
   [1 0 0])
  ("kmp" .
   [9 0 0])
  ("STR" .
   [2 0 0])
  ("const" .
   [0 0 1 0 0])
  ("Sieve" .
   [1 0 2 1 0])
  ("NMAX" .
   [7 0 0 0])
  ("prime" .
   [11 0 0 1 3])
  ("same" .
   [2 0 0 0])
  ("unite" .
   [4 0 0 1 0])
  ("UFT" .
   [5 0 0])
  ("bfs" .
   [1 0 0])
  ("queue" .
   [1 0 1 2 0])
  ("push" .
   [2 0 0 0])
  ("first" .
   [43 0 3 10 4])
  ("edge2" .
   [1 0 0 0 0])
  ("pair" .
   [31 0 0 0])
  ("tax" .
   [2 0 0])
  ("mp2" .
   [12 0 0])
  ("mp1" .
   [19 0 0])
  ("sum" .
   [121 0 0])
  ("check" .
   [0 0 1 0 0])
  ("map" .
   [26 0 0])
  ("row" .
   [15 0 0])
  ("continue" .
   [0 0 0 0 5 4 2 1])
  ("rep1" .
   [46 0 0 2])
  ("vecto" .
   [1 0 0 0 0])
  ("cout" .
   [257 0 0 6])
  ("yasnippet" .
   [0 0 0 0 0 0 0 0 1])
  ("require" .
   [0 0 1 0 0 0 0])
  ("iostream" .
   [0 0 3 0 0 0 0 0])
  ("using" .
   [0 0 1 0 0])
  ("vector" .
   [23 0 423 9 0 31])
  ("rep" .
   [661 0 12])
  ("cnt" .
   [133 0 0])
  ("res" .
   [449 0 3])
  ("push_back" .
   [1 0 3 16 9 1 0 0 0])
  ("max" .
   [33 0 0])
  ("return" .
   [0 0 0 3 94 2])
  ("SegTree" .
   [1 0 1 6 2 0 0])
  ("merge" .
   [5 0 0 0 0])
  ("identity" .
   [1 0 0 1 2 0 0 0])
  ("size" .
   [137 0 0 0])
  ("dat" .
   [10 0 0])
  ("vec" .
   [16 0 0])
  ("dfs" .
   [25 0 0])
  ("id" .
   [6 0])
  ("seg" .
   [30 0 0])
  ("init" .
   [10 0 0 1])
  ("build" .
   [1 0 0 1 0])
  ("show" .
   [9 0 0 0])
  ("index" .
   [97 0 0 1 6])
  ("min" .
   [9 0 0])
  ("query" .
   [2 0 2 0 3])
  ("cin" .
   [5 0 0])
  ("decltype" .
   [0 0 0 1 0 0 0 1])
  ("update" .
   [5 0 3 0 1 0])
  ("string" .
   [81 0 0 8 0 5])
  ("include" .
   [0 0 0 70 3 2 22])
  ("Indiv" .
   [1 0 0 1 0])
  ("dist" .
   [30 0 0 12])
  ("eps" .
   [4 0 0])
  ("fabs" .
   [4 0 0 0])
  ("Point" .
   [1 0 0 0 0])
  ("Exdiv" .
   [0 0 0 0 1])
  ("exd" .
   [1 0 0])
  ("Tree" .
   [2 0 5 1])
  ("edge" .
   [17 0 35 32])
  ("node" .
   [98 0 0 2])
  ("col" .
   [16 0 0])
  ("second" .
   [70 0 16 2 0 5])
  ("resize" .
   [19 0 0 1 6 3])
  ("dp" .
   [64 0])
  ("mint" .
   [65 0 0 0])
  ("cnt1" .
   [3 0 0 0])
  ("cnt2" .
   [13 0 0 0])
  ("rsum" .
   [24 0 0 0])
  ("csum" .
   [2 0 0 0])
  ("assign" .
   [1 0 0 0 0 0])
  ("bipa_check" .
   [0 0 0 0 1 0 0 0 0 0])
  ("xvec" .
   [4 0 0 0])
  ("color" .
   [1 0 0 0 0])
  ("tr" .
   [5 0])
  ("solve" .
   [3 0 1 1 0])
  ("substr" .
   [3 0 1 4 0 0])
  ("set" .
   [4 0 0])
  ("st" .
   [4 0])
  ("sort" .
   [6 0 0 0])
  ("comp" .
   [6 0 0 0])
  ("uf" .
   [12 0])
  ("find" .
   [9 0 0 0])
  ("usize" .
   [3 0 0 0 0])
  ("mask" .
   [29 0 0 0])
  ("left" .
   [38 0 0 0])
  ("hello" .
   [3 0 0 0 0])
  ("ind" .
   [2 0 0])
  ("win" .
   [3 0 0])
  ("lose" .
   [3 0 0 0])
  ("draw" .
   [2 0 0 0])
  ("per" .
   [6 0 0])
  ("par" .
   [46 0 2])
  ("dfs_size" .
   [1 0 0 0 1 0 0 0])
  ("showsize" .
   [0 0 0 1 0 0 0 0])
  ("MAX_LOGN" .
   [0 0 3 1 0 0 0 0])
  ("depth" .
   [4 0 0 0 0])
  ("dfs_init" .
   [0 0 0 0 2 0 1 0])
  ("fill_table" .
   [0 0 0 1 0 0 0 0 0 0])
  ("index_all" .
   [0 0 0 0 0 0 0 0 2])
  ("atmp" .
   [3 0 0 0])
  ("summ" .
   [5 0 0 0])
  ("btmp" .
   [1 0 0 0])
  ("dfs2" .
   [4 0 0 0])
  ("right" .
   [35 0 0 0 0])
  ("blue" .
   [3 0 0 0])
  ("lsort" .
   [6 0 0 6 1])
  ("fmax" .
   [2 0 0 0])
  ("idmax" .
   [1 0 0 0 0])
  ("idmin" .
   [3 0 0 0 0])
  ("fmin" .
   [2 0 0 0])
  ("rmaxq" .
   [1 0 0 2 2])
  ("rminq" .
   [1 0 0 0 1])
  ("rsort" .
   [6 0 0 3 0])
  ("wid" .
   [4 0 0])
  ("rmi" .
   [3 0 0])
  ("rmq" .
   [4 0 0])
  ("msum" .
   [4 0 0 1])
  ("psum" .
   [4 0 0 0])
  ("add_edge" .
   [0 0 1 1 1 1 0 0])
  ("cost" .
   [11 0 0 0])
  ("inf" .
   [15 0 0])
  ("typename" .
   [0 0 0 0 0 0 1 1])
  ("gpen" .
   [3 0 0 0])
  ("dijkstra" .
   [0 0 0 2 0 0 0 4])
  ("gpsn" .
   [2 0 0 0])
  ("get_d" .
   [1 0 1 1 1])
  ("it" .
   [10 0])
  ("it2" .
   [5 0 0])
  ("end" .
   [2 0 0])
  ("piv" .
   [2 0 0])
  ("bitset" .
   [2 0 0 0 0 0])
  ("walk" .
   [0 0 0 1])
  ("Func" .
   [2 0 0 0])
  ("Func2" .
   [2 0 0 0 0])
  ("gcd" .
   [1 0 0])
  ("sume" .
   [5 0 0 0])
  ("sumo" .
   [4 0 0 0])
  ("_INTARRAY_H_" .
   [0 0 0 1 0 0 0 0 0 0 0 0])
  ("array" .
   [1 0 0 0 1])
  ("array0to9" .
   [0 0 0 0 0 0 2 1 0])
  ("Size" .
   [3 0 0 0])
  ("other" .
   [5 0 0 0 0])
  ("tmpleft" .
   [1 0 0 0 0 0 0])
  ("tmpright" .
   [0 0 0 0 0 0 0 1])
  ("fstream" .
   [2 0 0 0 0 0 0])
  ("file" .
   [6 0 0 0])
  ("max_delay" .
   [0 0 0 0 1 1 0 0 0])
  ("Make_Fact" .
   [0 0 0 0 0 0 0 0 1])
  ("Make_InvFact" .
   [0 0 0 0 0 0 0 1 0 0 0 0])
  ("Comb" .
   [1 0 0 3])
  ("fff" .
   [2 0 0])
  ("mid" .
   [2 0 0])
  ("flag" .
   [5 0 0 1])
  ("Dice" .
   [2 0 0 0])
  ("Uniform" .
   [0 0 0 1 0 0 0])
  ("money" .
   [1 0 0 0 0])
  ("gold" .
   [11 0 0 0])
  ("clock" .
   [0 0 0 1 0])
  ("elapsed" .
   [0 0 0 3 0 0 0])
  ("unit" .
   [1 0 0 0])
  ("Grid" .
   [5 0 0 1])
  ("grid" .
   [9 0 0 0])
  ("Init_d" .
   [1 0 0 0 0 0])
  ("front" .
   [5 0 0 0 0])
  ("Node" .
   [6 0 0 0])
  ("emplace" .
   [1 0 0 0 1 1 0])
  ("BFS" .
   [1 0 0])
  ("gy" .
   [2 0])
  ("Get_d" .
   [1 0 3 0 1])
  ("gx" .
   [1 0])
  ("Show" .
   [4 0 0 1])
  ("pop" .
   [1 0 0])
  ("empty" .
   [1 0 0 0 0])
  ("emplace_back" .
   [0 0 0 0 0 0 0 0 2 0 0 0])
  ("explicit" .
   [0 0 1 0 0 0 0 0])
  ("idx" .
   [25 0 0])
  ("Edge" .
   [1 0 1 0])
  ("Init_Node" .
   [0 0 1 10 2 0 0 0 5])
  ("DFS" .
   [10 0 0])
  ("to_index" .
   [1 0 12 2 0 0 0 0])
  ("Make_to_index" .
   [0 0 1 1 0 0 1 0 0 0 0 0 1])
  ("Make_Sum" .
   [0 0 0 0 0 0 1 1])
  ("index2" .
   [11 0 0 0 0 0])
  ("ReRoot" .
   [1 0 2 1 1 7])
  ("ll" .
   [3 0])
  ("inout" .
   [2 0 0 0 1])
  ("for" .
   [0 0 1])
  ("is_full_dp" .
   [0 0 3 0 0 0 0 0 0 0])
  ("maxi" .
   [4 0 0 0])
  ("mini" .
   [3 0 0 0])
  ("dist1" .
   [1 0 0 0 0])
  ("dists" .
   [1 0 0 0 0])))
